1 0.05 50
5.9761

121 0 0 3 0 5 
0 219 11 3 4 0 
0 8 245 0 7 0 
1 4 2 347 4 8 
0 6 6 0 113 0 
0 0 0 3 0 135 
2 0.05 50
1.03586

125 0 0 0 0 4 
0 236 1 0 0 0 
0 2 257 0 1 0 
0 0 1 365 0 0 
0 0 2 0 123 0 
1 0 0 1 0 136 
3 0.05 50
43.8247

5 8 0 116 0 0 
0 217 0 20 0 0 
0 15 58 187 0 0 
0 0 0 366 0 0 
0 2 0 123 0 0 
0 4 0 75 0 59 
1 0 50
7.33068

114 0 0 2 0 13 
5 214 11 3 4 0 
0 9 244 0 7 0 
1 4 2 347 4 8 
4 6 6 0 109 0 
0 0 0 3 0 135 
2 0 50
15.5378

124 0 0 2 0 3 
24 213 0 0 0 0 
29 3 221 6 1 0 
30 0 0 335 1 0 
38 0 0 2 85 0 
53 0 0 3 0 82 
3 0 50
50.8367

128 0 0 1 0 0 
105 132 0 0 0 0 
144 1 113 2 0 0 
164 0 0 202 0 0 
104 0 0 0 21 0 
117 0 0 0 0 21 
3 0.05 50
43.8247

5 8 0 116 0 0 
0 217 0 20 0 0 
0 15 58 187 0 0 
0 0 0 366 0 0 
0 2 0 123 0 0 
0 4 0 75 0 59 
3 0.005 50
10.8367

100 4 0 22 0 3 
0 237 0 0 0 0 
0 10 241 9 0 0 
2 1 0 363 0 0 
0 13 3 53 56 0 
1 2 1 11 1 122 
3 0.0005 50
3.34661

118 1 0 5 1 4 
0 237 0 0 0 0 
0 2 257 1 0 0 
2 0 0 361 3 0 
0 4 2 6 113 0 
5 0 1 4 1 127 
2 0.05 50
1.03586

125 0 0 0 0 4 
0 236 1 0 0 0 
0 2 257 0 1 0 
0 0 1 365 0 0 
0 0 2 0 123 0 
1 0 0 1 0 136 
2 0.05 50
1.03586

125 0 0 0 0 4 
0 236 1 0 0 0 
0 2 257 0 1 0 
0 0 1 365 0 0 
0 0 2 0 123 0 
1 0 0 1 0 136 
2 0.05 50
1.03586

125 0 0 0 0 4 
0 236 1 0 0 0 
0 2 257 0 1 0 
0 0 1 365 0 0 
0 0 2 0 123 0 
1 0 0 1 0 136 
